    -25.8406            0
    -25.8056            0
    -25.7707            0
    -25.7358            0
    -25.7009            0
    -25.6659            0
     -25.631            0
    -25.5961            0
    -25.5611            0
    -25.5262            0
    -25.4913            0
    -25.4564            0
    -25.4214            0
    -25.3865            0
    -25.3516            0
    -25.3167            0
    -25.2817            0
    -25.2468            0
    -25.2119            0
     -25.177            0
     -25.142            0
    -25.1071            0
    -25.0722            0
    -25.0373            0
    -25.0023            0
    -24.9674            0
    -24.9325            0
    -24.8976            0
    -24.8626            0
    -24.8277            0
    -24.7928            0
    -24.7579            0
    -24.7229            0
     -24.688            0
    -24.6531            0
    -24.6182            0
    -24.5832            0
    -24.5483            0
    -24.5134            0
    -24.4785            0
    -24.4435            0
    -24.4086            0
    -24.3737            0
    -24.3388            0
    -24.3038            0
    -24.2689            0
     -24.234            0
    -24.1991            0
    -24.1641            0
    -24.1292            0
    -24.0943            0
    -24.0594            0
    -24.0244            0
    -23.9895            0
    -23.9546            0
    -23.9197            0
    -23.8847            0
    -23.8498            0
    -23.8149            0
      -23.78            0
     -23.745            0
    -23.7101            0
    -23.6752            0
    -23.6403            0
    -23.6053            0
    -23.5704            0
    -23.5355            0
    -23.5006            0
    -23.4656            0
    -23.4307            0
    -23.3958            0
    -23.3609            0
    -23.3259            0
     -23.291            0
    -23.2561            0
    -23.2212            0
    -23.1862            0
    -23.1513            0
    -23.1164            0
    -23.0814            0
    -23.0465            0
    -23.0116            0
    -22.9767            0
    -22.9417            0
    -22.9068            0
    -22.8719            0
     -22.837            0
     -22.802            0
    -22.7671            0
    -22.7322            0
    -22.6973            0
    -22.6623            0
    -22.6274            0
    -22.5925            0
    -22.5576            0
    -22.5226            0
    -22.4877            0
    -22.4528            0
    -22.4179            0
    -22.3829            0
     -22.348            0
    -22.3131            0
    -22.2782            0
    -22.2432            0
    -22.2083            0
    -22.1734            0
    -22.1385            0
    -22.1035            0
    -22.0686            0
    -22.0337            0
    -21.9988            0
    -21.9638            0
    -21.9289            0
     -21.894            0
    -21.8591            0
    -21.8241            0
    -21.7892            0
    -21.7543            0
    -21.7194            0
    -21.6844            0
    -21.6495            0
    -21.6146            0
    -21.5797            0
    -21.5447            0
    -21.5098            0
    -21.4749            0
      -21.44            0
     -21.405            0
    -21.3701            0
    -21.3352            0
    -21.3003            0
    -21.2653            0
    -21.2304            0
    -21.1955            0
    -21.1606            0
    -21.1256            0
    -21.0907            0
    -21.0558            0
    -21.0209            0
    -20.9859            0
     -20.951            0
    -20.9161            0
    -20.8812            0
    -20.8462            0
    -20.8113            0
    -20.7764            0
    -20.7415            0
    -20.7065            0
    -20.6716            0
    -20.6367            0
    -20.6018            0
    -20.5668            0
    -20.5319            0
     -20.497            0
     -20.462            0
    -20.4271            0
    -20.3922            0
    -20.3573            0
    -20.3223            0
    -20.2874            0
    -20.2525            0
    -20.2176            0
    -20.1826            0
    -20.1477            0
    -20.1128            0
    -20.0779            0
    -20.0429            0
     -20.008            0
    -19.9731            0
    -19.9382            0
    -19.9032            0
    -19.8683            0
    -19.8334            0
    -19.7985            0
    -19.7635            0
    -19.7286            0
    -19.6937            0
    -19.6588            0
    -19.6238            0
    -19.5889            0
     -19.554            0
    -19.5191            0
    -19.4841            0
    -19.4492            0
    -19.4143            0
    -19.3794            0
    -19.3444            0
    -19.3095            0
    -19.2746            0
    -19.2397            0
    -19.2047            0
    -19.1698            0
    -19.1349            0
       -19.1            0
     -19.065            0
    -19.0301            0
    -18.9952            0
    -18.9603            0
    -18.9253            0
    -18.8904            0
    -18.8555            0
    -18.8206            0
    -18.7856            0
    -18.7507            0
    -18.7158            0
    -18.6809            0
    -18.6459            0
     -18.611            0
    -18.5761            0
    -18.5412            0
    -18.5062            0
    -18.4713            0
    -18.4364            0
    -18.4015            0
    -18.3665            0
    -18.3316            0
    -18.2967            0
    -18.2618            0
    -18.2268            0
    -18.1919            0
     -18.157            0
    -18.1221            0
    -18.0871            0
    -18.0522            0
    -18.0173            0
    -17.9823            0
    -17.9474            0
    -17.9125            0
    -17.8776            0
    -17.8426            0
    -17.8077            0
    -17.7728            0
    -17.7379            0
    -17.7029            0
     -17.668            0
    -17.6331            0
    -17.5982            0
    -17.5632            0
    -17.5283            0
    -17.4934            0
    -17.4585            0
    -17.4235            0
    -17.3886            0
    -17.3537            0
    -17.3188            0
    -17.2838            0
    -17.2489            0
     -17.214            0
    -17.1791            0
    -17.1441            0
    -17.1092            0
    -17.0743            0
    -17.0394            0
    -17.0044            0
    -16.9695            0
    -16.9346            0
    -16.8997            0
    -16.8647            0
    -16.8298            0
    -16.7949            0
      -16.76            0
     -16.725            0
    -16.6901            0
    -16.6552            0
    -16.6203            0
    -16.5853            0
    -16.5504            0
    -16.5155            0
    -16.4806            0
    -16.4456            0
    -16.4107            0
    -16.3758            0
    -16.3409            0
    -16.3059            0
     -16.271            0
    -16.2361            0
    -16.2012            0
    -16.1662            0
    -16.1313            0
    -16.0964            0
    -16.0615            0
    -16.0265            0
    -15.9916            0
    -15.9567            0
    -15.9218            0
    -15.8868            0
    -15.8519            0
     -15.817            0
    -15.7821            0
    -15.7471            0
    -15.7122            0
    -15.6773            0
    -15.6424            0
    -15.6074            0
    -15.5725            0
    -15.5376            0
    -15.5027            0
    -15.4677            0
    -15.4328            0
    -15.3979            0
    -15.3629            0
     -15.328            0
    -15.2931            0
    -15.2582            0
    -15.2232            0
    -15.1883            0
    -15.1534            0
    -15.1185            0
    -15.0835            0
    -15.0486            0
    -15.0137            0
    -14.9788            0
    -14.9438            0
    -14.9089            0
     -14.874            0
    -14.8391            0
    -14.8041            0
    -14.7692            0
    -14.7343            0
    -14.6994            0
    -14.6644            0
    -14.6295            0
    -14.5946            0
    -14.5597            0
    -14.5247            0
    -14.4898            0
    -14.4549            0
      -14.42            0
     -14.385            0
    -14.3501            0
    -14.3152            0
    -14.2803            0
    -14.2453            0
    -14.2104            0
    -14.1755            0
    -14.1406            0
    -14.1056            0
    -14.0707            0
    -14.0358            0
    -14.0009            0
    -13.9659            0
     -13.931            0
    -13.8961            0
    -13.8612            0
    -13.8262            0
    -13.7913            0
    -13.7564            0
    -13.7215            0
    -13.6865            0
    -13.6516            0
    -13.6167            0
    -13.5818            0
    -13.5468            0
    -13.5119            0
     -13.477            0
    -13.4421            0
    -13.4071            0
    -13.3722            0
    -13.3373            0
    -13.3024            0
    -13.2674            0
    -13.2325            0
    -13.1976            0
    -13.1627            0
    -13.1277            0
    -13.0928            0
    -13.0579            0
     -13.023            0
     -12.988            0
    -12.9531            0
    -12.9182            0
    -12.8832            0
    -12.8483            0
    -12.8134            0
    -12.7785            0
    -12.7435            0
    -12.7086            0
    -12.6737            0
    -12.6388            0
    -12.6038            0
    -12.5689            0
     -12.534            0
    -12.4991            0
    -12.4641            0
    -12.4292            0
    -12.3943            0
    -12.3594            0
    -12.3244            0
    -12.2895            0
    -12.2546            0
    -12.2197            0
    -12.1847            0
    -12.1498            0
    -12.1149            0
      -12.08            0
     -12.045            0
    -12.0101            0
    -11.9752            0
    -11.9403            0
    -11.9053            0
    -11.8704            0
    -11.8355            0
    -11.8006            0
    -11.7656            0
    -11.7307            0
    -11.6958            0
    -11.6609            0
    -11.6259            0
     -11.591            0
    -11.5561            0
    -11.5212            0
    -11.4862            0
    -11.4513            0
    -11.4164            0
    -11.3815            0
    -11.3465            0
    -11.3116            0
    -11.2767            0
    -11.2418            0
    -11.2068            0
    -11.1719            0
     -11.137            0
    -11.1021            0
    -11.0671            0
    -11.0322            0
    -10.9973            0
    -10.9624            0
    -10.9274            0
    -10.8925            0
    -10.8576            0
    -10.8227            0
    -10.7877            0
    -10.7528            0
    -10.7179            0
     -10.683            0
     -10.648            0
    -10.6131            0
    -10.5782            0
    -10.5433            0
    -10.5083            0
    -10.4734            0
    -10.4385            0
    -10.4036            0
    -10.3686            0
    -10.3337            0
    -10.2988            0
    -10.2638            0
    -10.2289            0
     -10.194            0
    -10.1591            0
    -10.1241            0
    -10.0892            0
    -10.0543            0
    -10.0194            0
    -9.98444            0
    -9.94954            0
    -9.91464            0
    -9.87974            0
    -9.84474            0
    -9.80984            0
    -9.77494            0
    -9.74004            0
    -9.70504            0
    -9.67014            0
    -9.63524            0
    -9.60034       0.1027
    -9.56534       0.9025
    -9.53044       1.7022
    -9.49554       7.7685
    -9.46064      30.9437
    -9.42564       1.4399
    -9.39074       1.5122
    -9.35584       1.5844
    -9.32094       1.6567
    -9.28594       1.7289
    -9.25104       1.6245
    -9.21614       1.5118
    -9.18124       2.2375
    -9.14624       2.0385
    -9.11134       2.0695
    -9.07644       2.7559
    -9.04154       3.4423
    -9.00654       2.5495
    -8.97164       2.4387
    -8.93674       2.3278
    -8.90184       2.2169
    -8.86684       7.8863
    -8.83194       6.1675
    -8.79704       4.4162
    -8.76214       2.6648
    -8.72714            0
    -8.69224            0
    -8.65734       1.4846
    -8.62244       1.6618
    -8.58744        1.839
    -8.55254       2.0162
    -8.51764       2.1934
    -8.48274       3.3898
    -8.44774       4.0039
    -8.41284       7.7471
    -8.37794      10.0933
    -8.34304       6.5887
    -8.30804        4.195
    -8.27314       4.2175
    -8.23824       4.2399
    -8.20334       3.9781
    -8.16834       3.6845
    -8.13344        2.474
    -8.09854       1.7508
    -8.06364       6.1704
    -8.02864       4.2334
    -7.99374        3.999
    -7.95884       8.2242
    -7.92394       8.6546
    -7.88894       9.0851
    -7.85404      12.1175
    -7.81914      10.9781
    -7.78414       6.7409
    -7.74924       7.1719
    -7.71434       5.4869
    -7.67944       3.8146
    -7.64444      14.0246
    -7.60954      41.9034
    -7.57464      19.3631
    -7.53974       9.2153
    -7.50474       17.463
    -7.46984       8.4868
    -7.43494      12.7237
    -7.40004      24.5872
    -7.36504        10.53
    -7.33014      21.8344
    -7.29524      26.8548
    -7.26034      32.1637
    -7.22534      33.2841
    -7.19044      14.1368
    -7.15554      26.4443
    -7.12064      27.3879
    -7.08564       79.343
    -7.05074      57.4286
    -7.01584      18.3536
    -6.98094      28.9595
    -6.94594       26.834
    -6.91104            0
    -6.87614      123.579
    -6.84124      14.4636
    -6.80624      36.0194
    -6.77134      19.6284
    -6.73644      59.7223
    -6.70154      21.8877
    -6.66654      21.0433
    -6.63164      13.4106
    -6.59674      26.0313
    -6.56184      25.5299
    -6.52684      17.9425
    -6.49194      11.3303
    -6.45704      22.6206
    -6.42214      39.4739
    -6.38714      10.8427
    -6.35224      14.8073
    -6.31734      31.9653
    -6.28244      16.0702
    -6.24744      15.9097
    -6.21254       4.8689
    -6.17764       8.8961
    -6.14274       9.5882
    -6.10774        9.221
    -6.07284      16.6454
    -6.03794       8.0079
    -6.00304       6.5168
    -5.96804       6.1403
    -5.93314      38.4714
    -5.89824      17.8926
    -5.86334       248.22
    -5.82834        9.442
    -5.79344       7.6796
    -5.75854      12.9406
    -5.72364       5.2269
    -5.68864       8.6535
    -5.65374       7.8173
    -5.61884      11.1779
    -5.58394       3.7517
    -5.54894      23.0791
    -5.51404       4.5004
    -5.47914       7.8655
    -5.44424       11.673
    -5.40924      12.2845
    -5.37434       8.2479
    -5.33944       5.5895
    -5.30454            0
    -5.26954            0
    -5.23464            0
    -5.19974        1.749
    -5.16474       2.8663
    -5.12984       3.2957
    -5.09494       3.7251
    -5.06004       6.0424
    -5.02504       8.7019
    -4.99014            0
    -4.95524            0
    -4.92034            0
    -4.88534            0
    -4.85044            0
    -4.81554            0
    -4.78064            0
    -4.74564        2.482
    -4.71074        7.662
    -4.67584       3.7133
    -4.64094        3.589
    -4.60594       3.4648
    -4.57104      16.5739
    -4.53614      18.9025
    -4.50124      12.2321
    -4.46624      11.1916
    -4.43134      10.1507
    -4.39644      15.9367
    -4.36154      27.8885
    -4.32654       30.087
    -4.29164      27.5766
    -4.25674       53.664
    -4.22184      31.0852
    -4.18684      25.6719
    -4.15194      110.714
    -4.11704      42.8961
    -4.08214        60.47
    -4.04714      40.9644
    -4.01224      12.2674
    -3.97734      27.6535
    -3.94244      54.3596
    -3.90744      87.4209
    -3.87254      61.6961
    -3.83764      62.9397
    -3.80274      50.3499
    -3.76774      54.9679
    -3.73284      48.9152
    -3.69794      30.5936
    -3.66304      45.6755
    -3.62804      82.2341
    -3.59314      44.9867
    -3.55824      48.8995
    -3.52334      39.5322
    -3.48834      46.0557
    -3.45344      10.7727
    -3.41854      38.7735
    -3.38364       7.6484
    -3.34864      31.2962
    -3.31374      20.6627
    -3.27884      43.1238
    -3.24394      41.0381
    -3.20894        32.18
    -3.17404       46.685
    -3.13914      51.0691
    -3.10424      48.1505
    -3.06924      47.1594
    -3.03434      69.4352
    -2.99944      75.3386
    -2.96454      85.7426
    -2.92954      81.6763
    -2.89464       68.345
    -2.85974      48.0296
    -2.82484      29.5869
    -2.78984      87.7284
    -2.75494        61.52
    -2.72004      82.6187
    -2.68504      95.8344
    -2.65014      24.4395
    -2.61524      80.0492
    -2.58034      83.5525
    -2.54534      36.5928
    -2.51044      95.1875
    -2.47554      41.6294
    -2.44064      68.5958
    -2.40564      63.9215
    -2.37074      49.7241
    -2.33584      53.3507
    -2.30094      79.3124
    -2.26594      39.0727
    -2.23104       67.276
    -2.19614      75.6591
    -2.16124      42.9372
    -2.12624      49.2052
    -2.09134      45.9659
    -2.05644      68.8504
    -2.02154      73.7496
    -1.98654      764.462
    -1.95164      84.3076
    -1.91674      60.6232
    -1.88184      72.6311
    -1.84684      68.0806
    -1.81194      36.3003
    -1.77704      57.6329
    -1.74214      68.3099
    -1.70714      49.1952
    -1.67224      50.2237
    -1.63734      49.1949
    -1.60244      21.8063
    -1.56744      93.8914
    -1.53254      48.2969
    -1.49764      157.776
    -1.46274      76.8305
    -1.42774      69.5183
    -1.39284      63.3019
    -1.35794      51.2069
    -1.32304      66.9541
    -1.28804      41.4453
    -1.25314      134.379
    -1.21824      46.4845
    -1.18334      57.5513
    -1.14834      53.5128
    -1.11344       57.708
    -1.07854      50.4527
    -1.04364      48.6178
    -1.00864      64.4663
   -0.973745      61.9899
   -0.938845      72.2993
   -0.903945      92.5918
   -0.868945      54.2698
   -0.834045      68.7772
   -0.799145      70.7256
   -0.764245      81.4983
   -0.729245      54.0742
   -0.694345       67.929
   -0.659445      46.2027
   -0.624545      48.5337
   -0.589545      47.0754
   -0.554645      73.5719
   -0.519745      51.7334
   -0.484845      56.1081
   -0.449845      25.8781
   -0.414945      26.8583
   -0.380045      19.8246
   -0.345145      17.5424
   -0.310145      13.6526
   -0.275245      18.6237
   -0.240345      20.7606
   -0.205445      10.3857
   -0.170445       6.8433
   -0.135545       4.5459
   -0.100645      11.3023
  -0.0656449       7.4668
  -0.0307449      15.3184
  0.00415509      18.3428
   0.0390551      12.2496
   0.0740551      15.9119
    0.108955       9.5756
    0.143855      11.9981
    0.178755      30.0959
    0.213755       8.7754
    0.248655       4.8383
    0.283555       5.8728
    0.318455      12.9595
    0.353455      18.7731
    0.388355      17.3322
    0.423255      12.4729
    0.458155      10.5225
    0.493155      10.2286
    0.528055       4.7202
    0.562955       5.7741
    0.597855      10.7586
    0.632855       3.0422
    0.667755      16.1557
    0.702655       4.5352
    0.737555        7.595
    0.772555      13.4512
    0.807455      16.5149
    0.842355      12.8887
    0.877255      25.1054
    0.912255      12.3633
    0.947155        9.807
    0.982055      12.0372
     1.01696       5.9516
     1.05196       7.3684
     1.08686       8.2205
     1.12176       8.4675
     1.15666       6.6114
     1.19166       2.8782
     1.22656       9.2212
     1.26146      15.9773
     1.29636      15.1838
     1.33136       7.1562
     1.36626        3.588
     1.40116       3.1421
     1.43606       5.9031
     1.47106       9.3584
     1.50596      22.4574
     1.54086      19.0167
     1.57576      10.0946
     1.61076       9.7508
     1.64566       9.0015
     1.68056        5.479
     1.71546       4.3542
     1.75046       7.4859
     1.78536      11.4043
     1.82026       6.6705
     1.85516       5.0954
     1.89016       4.9997
     1.92506       5.2119
     1.95996       5.4242
     1.99486       7.8652
     2.02986       6.8333
     2.06476       4.4055
     2.09966       4.8771
     2.13456       4.8012
     2.16956       4.8131
     2.20446       4.9984
     2.23936       7.2069
     2.27426       9.1476
     2.30926      10.1821
     2.34416      14.9627
     2.37906      24.0452
     2.41406      12.7746
     2.44896       7.1767
     2.48386       6.8622
     2.51876       7.1889
     2.55376       3.0355
     2.58866         3.74
     2.62356       4.4445
     2.65846        5.149
     2.69346       8.6113
     2.72836       6.6626
     2.76326      10.0112
     2.79816      11.0106
     2.83316         9.03
     2.86806      11.7874
     2.90296       5.5413
     2.93786       8.0437
     2.97286      10.6374
     3.00776      13.2311
     3.04266       9.5992
     3.07756      22.7278
     3.11256      11.0305
     3.14746       8.1437
     3.18236       3.9702
     3.21726       4.5839
     3.25226       17.996
     3.28716       2.5856
     3.32206       2.7495
     3.35696       2.5009
     3.39196       2.2522
     3.42686       2.0036
     3.46176       1.7549
     3.49666       1.5062
     3.53166       1.2648
     3.56656        1.147
     3.60146       1.1651
     3.63636       1.2431
     3.67136       1.3356
     3.70626        1.428
     3.74116       1.5204
     3.77606       1.6128
     3.81106       1.7052
     3.84596       1.7976
     3.88086       1.8901
     3.91576       1.1994
     3.95076         64.3
     3.98566       0.8332
     4.02056       7.2907
     4.05546       3.0369
     4.09046        2.843
     4.12536       4.6394
     4.16026       5.7035
     4.19516       6.7967
     4.23016       4.8392
     4.26506       5.1953
     4.29996        7.225
     4.33486       5.4681
     4.36986       3.9305
     4.40476       2.4098
     4.43966       2.3173
     4.47456       2.4379
     4.50956       5.6894
     4.54446       7.0732
     4.57936       9.7335
     4.61426      14.3501
     4.64926       6.3585
     4.68416      19.0786
     4.71906      25.8299
     4.75396      12.9174
     4.78896      21.1949
     4.82386      22.4504
     4.85876      13.4161
     4.89366      22.1693
     4.92866      57.2413
     4.96356      27.2096
     4.99846       22.809
     5.03346       20.222
     5.06836      15.8168
     5.10326      14.5472
     5.13816      16.5733
     5.17316      11.3138
     5.20806      12.4486
     5.24296      19.1929
     5.27786      20.1984
     5.31286      18.5182
     5.34776      20.2067
     5.38266      14.2108
     5.41756      37.3731
     5.45256       18.197
     5.48746      19.4672
     5.52236      21.7667
     5.55726      22.3523
     5.59226      19.7092
     5.62716      22.9923
     5.66206       18.927
     5.69696      11.6234
     5.73196      19.3889
     5.76686      22.8974
     5.80176      22.9454
     5.83666      26.5676
     5.87166      15.1189
     5.90656       6.0345
     5.94146      37.0891
     5.97636       33.701
     6.01136      26.2496
     6.04626      20.1005
     6.08116      16.4735
     6.11606      20.0708
     6.15106      17.0324
     6.18596      19.8369
     6.22086      18.6571
     6.25576      18.2525
     6.29076      30.6745
     6.32566      19.4025
     6.36056      40.6511
     6.39546      27.8774
     6.43046      12.9919
     6.46536      41.7053
     6.50026       19.526
     6.53516      18.0017
     6.57016      22.7812
     6.60506      12.1313
     6.63996       9.3432
     6.67486      26.1594
     6.70986      37.7198
     6.74476      10.8467
     6.77966      11.9905
     6.81456       4.1759
     6.84956      27.7341
     6.88446       9.8158
     6.91936      10.2164
     6.95426      18.1629
     6.98926      18.6627
     7.02416      21.3985
     7.05906      21.6256
     7.09396      27.1908
     7.12896       14.034
     7.16386       9.0924
     7.19876      10.1455
     7.23366      17.1411
     7.26866       7.8545
     7.30356       7.8951
     7.33846      12.4006
     7.37336       8.3979
     7.40836       6.4836
     7.44326            0
     7.47816            0
     7.51316            0
     7.54806            0
     7.58296            0
     7.61786            0
     7.65286            0
     7.68776            0
     7.72266            0
     7.75756            0
     7.79256            0
     7.82746            0
     7.86236            0
     7.89726            0
     7.93226            0
     7.96716            0
     8.00206            0
     8.03696            0
     8.07196            0
     8.10686            0
     8.14176            0
     8.17666            0
     8.21166            0
     8.24656            0
     8.28146            0
     8.31636            0
     8.35136            0
     8.38626            0
     8.42116            0
     8.45606            0
     8.49106            0
     8.52596            0
     8.56086            0
     8.59576            0
     8.63076            0
     8.66566            0
     8.70056            0
     8.73546            0
     8.77046            0
     8.80536            0
     8.84026            0
     8.87516            0
     8.91016            0
     8.94506            0
     8.97996            0
     9.01486            0
     9.04986            0